image_width: 640
image_height: 480
camera_name: dope_webcam_0
camera_matrix:
  rows: 3
  cols: 3
  data: [1066.778, 0, 312.9869, 0, 1067.487, 241.3109, 0, 0, 1]
distortion_model: plumb_bob
distortion_coefficients:
  rows: 1
  cols: 5
  data: [0.04112172, -0.4798174, 0, 0, 1.890084]
rectification_matrix:
  rows: 3
  cols: 3
  data: [1, 0, 0, 0, 1, 0, 0, 0, 1]
projection_matrix:
  rows: 3
  cols: 4
  data: [1066.778, 0, 312.9869, 0, 0, 1067.487, 241.3109, 0, 0, 0, 1, 0]
