image_width: 672
image_height: 376
camera_name: dope_webcam_0
camera_matrix:
  rows: 3
  cols: 3
  data: [276.3225, 0, 353.70087, 0, 276.3225, 179.0885, 0, 0, 1]
distortion_model: plumb_bob
distortion_coefficients:
  rows: 1
  cols: 5
  data: [0, 0, 0, 0, 0]
rectification_matrix:
  rows: 3
  cols: 3
  data: [1, 0, 0, 0, 1, 0, 0, 0, 1]
projection_matrix:
  rows: 3
  cols: 4
  data: [276.3225, 0, 353.70087, 0, 0, 276.3225, 179.0885, 0, 0, 0, 1, 0]
